0 -1.58860395053 -1.58570504682 -1.58586599392
1 -1.58808819638 -1.58720908637 -0.529129707303
2 -1.58639390664 -1.58595590784 0.527429905591
3 -1.58905694492 -1.58575490521 1.58695718347
4 -1.58592095655 -0.531237835309 -1.58722641755
5 -1.58609503292 -0.530269366135 -0.527011312316
6 -1.58532639985 -0.531116127579 0.52713758359
7 -1.58686469205 -0.527233985006 1.58673686292
8 -1.58825257156 0.528635984185 -1.58900540581
9 -1.58823081303 0.528703371474 -0.528931783584
10 -1.5881821333 0.527818800323 0.527963676964
11 -1.58721425016 0.528070535948 1.58519985451
12 -1.58559921949 1.58728916504 -1.58638506157
13 -1.58838371889 1.58915251093 -0.527375890197
14 -1.58866152421 1.58633307446 0.530111656093
15 -1.58613924956 1.58891279164 1.58691163453
16 -0.527552271581 -1.58646188999 -1.58783324294
17 -0.528588247263 -1.58555530345 -0.527434638166
18 -0.52893988958 -1.58680928732 0.527176380991
19 -0.530061701641 -1.58591881562 1.58687833616
20 -0.530359658882 -0.528901896073 -1.58612550095
21 -0.528216913751 -0.52964578211 -0.529174698062
22 -0.528926461413 -0.527920660948 0.52925475195
23 -0.529418572196 -0.529154444259 1.58523440165
24 -0.53091307967 0.529837791229 -1.58492847334
25 -0.52856430592 0.528514135623 -0.530322440317
26 -0.528952901547 0.531028612914 0.530321191536
27 -0.528793186931 0.5305082352 1.58610008726
28 -0.52890362225 1.58898127185 -1.58666065888
29 -0.52913709081 1.58606210827 -0.528708808574
30 -0.527009274523 1.58493591012 0.530377303078
31 -0.527593076422 1.5886980336 1.58827209656
32 0.530437618706 -1.58710977154 -1.58673089157
33 0.52880090453 -1.5890862024 -0.52733288977
34 0.529415805492 -1.5884721241 0.529185454983
35 0.52905229559 -1.58780149702 1.58658677321
36 0.52928112277 -0.528582753502 -1.5865125717
37 0.528937875718 -0.531127301093 -0.530069248668
38 0.527737478596 -0.528749517014 0.530707823995
39 0.530391895043 -0.527840951043 1.58859655143
40 0.528071115078 0.530428995313 -1.58625337572
41 0.527335927887 0.526903657487 -0.530988105234
42 0.53020879391 0.527898671471 0.527496686231
43 0.529649969754 0.528304010141 1.58540506129
44 0.527662337285 1.58716493635 -1.58841103376
45 0.528146404497 1.58795203714 -0.529107443308
46 0.528356147589 1.58693587116 0.527129844237
47 0.528631983256 1.58671004075 1.58591149697
48 1.58552417845 -1.58548121426 -1.58694984076
49 1.58595287111 -1.58673815973 -0.527559225034
50 1.58514840818 -1.58924967665 0.52765466702
51 1.58813093589 -1.58864137974 1.5881187105
52 1.58795720294 -0.528919400246 -1.58818690195
53 1.58922803032 -0.527837903235 -0.528842962548
54 1.58601313884 -0.528475859611 0.528716199433
55 1.5875199623 -0.529874197078 1.58780398146
56 1.58531063574 0.528108241061 -1.58499378141
57 1.58880048718 0.528141486747 -0.52738200945
58 1.5863855945 0.530845785072 0.530207187374
59 1.58683769956 0.527910630668 1.58514426703
60 1.58881409047 1.5850735277 -1.58562825438
61 1.58917080228 1.5873482426 -0.530317450056
62 1.58876735896 1.58907231722 0.53003704662
63 1.58723379965 1.58652652224 1.58659041781