0 -0.148520815013 0.141324748627 0.125271642487
1 -0.0969615666173 -0.00898504801763 -0.00899372897259
2 0.0724690718407 0.116215075483 -0.16096549098
3 -0.193802395096 0.136433435835 -0.0161994062879
4 0.119758562988 -0.219782565571 -0.0107106255941
5 0.102429966128 -0.122981640823 0.202771307985
6 0.179209218099 -0.207624813886 -0.190151943117
7 0.0253947622382 0.180547874815 -0.0382498687755
8 -0.113439533568 -0.0404237118263 -0.188676893544
9 -0.111139229068 -0.0336330032143 0.0107546922848
10 -0.106340748454 -0.122124497592 -0.107611719676
11 -0.00955289125815 -0.0968367551633 -0.191928412285
12 0.151989034592 0.0170774505548 0.0733647896405
13 -0.126443834802 0.20335033353 0.166397833182
14 -0.15420311032 -0.0785530522454 0.107214532273
15 0.0979853171964 0.179374590227 -0.0207034235744
16 0.148708880749 0.0656983889587 -0.0714004938932
17 0.0451033224405 0.156303620253 0.16044065332
18 0.00999003104411 0.0309264362039 -0.186281316009
19 -0.102235028342 0.119984990971 -0.024120330103
20 -0.131962994121 0.0137778102513 0.0992810375954
21 0.0822536224872 -0.0605843190201 -0.0134516380164
22 0.0113259041056 0.111923242149 0.0214523166155
23 -0.0378719773321 -0.0114488371032 -0.188397142109
24 -0.187372860638 0.0798394407071 0.218965078744
25 0.0474488064135 -0.0525900687976 -0.128191399517
26 0.00866959246274 0.198863526664 0.128097522084
27 0.0246587111656 0.146889214157 -0.101774935394
28 0.0135922439799 0.18626295809 0.0458194636141
29 -0.00980207535803 -0.10563159683 0.0331185588639
30 0.202962039402 -0.218215971799 0.133792471904
31 0.144638662408 0.157960791971 0.115349860126
32 0.139791013172 0.000913665992837 0.038822700084
33 -0.0238659908955 -0.196725235789 0.170671755405
34 0.0375756194115 -0.135325861092 0.0145836011343
35 0.00126759457029 -0.0682271950939 -0.0532016380652
36 0.0241332257387 0.0457137224324 0.0606176221333
37 -0.0101207800609 -0.208823231759 -0.10290961817
38 -0.130230420671 0.0289698847883 0.166818308858
39 0.135225569639 0.119824513075 0.147794042462
40 -0.0968826769041 0.138937201961 0.0864450206484
41 -0.170319736229 -0.213595423549 -0.194837418035
42 0.116906943577 -0.114048826036 -0.154353156318
43 0.0610375027039 -0.0735390931779 -0.171350542352
44 -0.137678983558 0.0046232540978 -0.129211481469
45 -0.0892265746111 0.0832569587838 -0.00681197114594
46 -0.0682373590328 -0.0183517037248 -0.19098288087
47 -0.0407261151884 -0.040918133963 -0.120768622715
48 -0.15945331828 0.163715047282 0.0169536810633
49 -0.116614513622 0.038105584366 0.148013011
50 -0.196998749346 -0.213017895121 -0.138448074067
51 0.10117132553 -0.152285907399 0.0999391862897
52 0.0838802883239 0.012034937665 -0.106775252997
53 0.210924967432 0.12014549251 0.0196262765385
54 -0.110562591823 0.0563585910878 -0.0323281759091
55 0.0401727042111 -0.0835215742144 0.068484440896
56 -0.180818945762 -0.0931699103325 0.212475489362
57 0.168108562377 -0.0897726237415 0.16581522956
58 -0.0733352447828 0.180660577346 0.116726815379
59 -0.0281061801314 -0.112892467699 -0.197371370259
60 0.169528844709 -0.204475008952 0.149014414828
61 0.205143314911 0.0229295112975 -0.12772641021
62 0.164787448881 0.195333126302 0.0996866823668
63 0.0114903297822 -0.0592642610802 -0.0527888944735
